13,108
14,8
4294967294,131
4294967294,130
4294967294,129
4294967294,128
4294967294,127
4294967294,126
4294967294,125
4294967294,124
4294967294,123
4294967294,122
4294967294,121
4294967294,120
4294967294,119
4294967294,118
4294967294,117
4294967294,116
4294967294,115
4294967294,114
4294967294,113
4294967294,112
4294967294,111
4294967294,110
4294967294,109
4294967294,108
4294967294,107
4294967294,106
4294967294,105
4294967294,104
4294967294,103
4294967294,102
4294967294,101
4294967294,100
4294967294,99
4294967294,98
4294967294,97
4294967294,96
4294967294,95
4294967294,94
4294967294,93
4294967294,92
4294967294,91
4294967294,90
4294967294,89
4294967294,88
4294967294,87
4294967294,86
4294967294,85
4294967294,84
4294967294,83
4294967294,82
4294967294,81
4294967294,80
4294967294,79
4294967294,78
4294967294,77
4294967294,76
4294967294,75
4294967294,74
4294967294,73
4294967294,72
4294967294,71
4294967294,70
4294967294,69
4294967294,68
4294967294,67
4294967294,66
4294967294,65
4294967294,64
4294967294,63
4294967294,62
4294967294,61
4294967294,60
4294967294,59
4294967294,58
4294967294,57
4294967294,56
4294967294,55
4294967294,54
4294967294,53
4294967294,52
4294967294,51
4294967294,50
4294967294,49
4294967294,48
4294967294,47
4294967294,46
4294967294,45
4294967294,44
4294967294,43
4294967294,42
4294967294,41
4294967294,40
4294967294,39
4294967294,38
4294967294,37
4294967294,36
4294967294,35
4294967294,34
4294967294,33
4294967294,32
4294967294,31
4294967294,30
4294967294,29
4294967294,28
4294967294,27
4294967294,26
4294967294,25
4294967294,24
4294967294,23
4294967294,22
4294967294,21
4294967294,20
4294967294,19
4294967294,18
4294967294,17
4294967294,16
4294967294,15
4294967294,14
4294967294,13
4294967294,12
4294967294,11
4294967294,10
4294967294,9
4294967294,8
4294967294,7
4294967294,6
4294967294,5
4294967294,4
4294967294,3
4294967294,2
4294967294,0
30,0
31,0
22,0
23,0
24,0
26,0
25,0
16,0
27,0
28,0
20,0
21,0
29,0
19,0
18,0
17,0
4,0
5,0
7,0
6,0
8,0
9,0
15,0
14,0
13,0
12,0
11,0
10,0
1,0
2,0
3,0
0,308
0,304
0,303
0,12
0,10
0,8
0,0
0,523
0,300
0,522
0,464
0,299
0,561
0,369
0,298
0,560
0,418
0,297
0,521
0,429
0,296
0,520
0,425
0,295
0,533
0,427
0,294
0,559
0,426
0,293
0,558
0,292
0,557
0,291
0,556
0,390
0,290
0,555
0,289
0,519
0,421
0,288
0,518
0,420
0,287
0,517
0,463
0,286
0,554
0,575
0,285
0,516
0,569
0,284
0,515
0,416
0,283
0,553
0,362
0,282
0,514
0,414
0,281
0,532
0,413
0,280
0,513
0,412
0,279
0,552
0,411
0,278
0,551
0,424
0,277
0,512
0,409
0,276
0,550
0,574
0,275
0,531
0,406
0,274
0,549
0,273
0,548
0,419
0,272
0,547
0,433
0,271
0,546
0,568
0,270
0,511
0,401
0,269
0,545
0,432
0,268
0,510
0,355
0,267
0,509
0,398
0,266
0,544
0,265
0,543
0,396
0,264
0,508
0,263
0,507
0,394
0,262
0,506
0,393
0,261
0,505
0,392
0,260
0,504
0,391
0,259
0,503
0,461
0,258
0,502
0,389
0,257
0,501
0,388
0,256
0,542
0,387
0,255
0,541
0,386
0,254
0,500
0,385
0,253
0,499
0,415
0,252
0,498
0,383
0,251
0,540
0,382
0,250
0,497
0,381
0,249
0,496
0,380
0,248
0,495
0,379
0,247
0,493
0,378
0,246
0,492
0,377
0,245
0,539
0,376
0,244
0,538
0,567
0,242
0,537
0,417
0,241
0,446
0,452
0,454
0,462
0,468
0,494
0,525
1,1
1,3
2,1
2,3
2,4
2,6
3,1
3,2
4,1
4,2
4,4
4,6
5,1
5,3
5,4
6,1
6,2
6,4
7,1
7,2
7,4
7,5
8,2
8,4
8,5
9,2
9,3
10,1
10,2
10,4
11,1
11,2
11,4
11,5
11,7
11,9
11,10
12,2
12,3
13,1
13,2
13,4
13,6
13,7
13,9
13,10
13,12
13,14
13,15
13,17
13,18
13,20
13,22
13,23
13,25
13,26
13,28
13,29
13,31
13,33
13,34
13,36
13,64
13,66
13,68
13,69
13,71
13,72
13,74
13,75
13,77
13,79
13,80
13,82
13,83
13,85
13,87
13,88
13,90
13,91
13,93
13,94
13,96
13,98
13,99
13,101
13,102
13,104
13,106
13,107
14,2
14,3
14,5
14,6
15,1
15,3
15,4
15,6
15,7
16,2
16,4
17,1
17,3
17,4
18,1
18,3
18,4
19,2
19,3
19,5
19,6
20,2
20,4
21,1
21,3
21,4
22,1
22,3
22,4
22,6
22,7
23,2
23,3
23,5
24,2
24,3
25,2
25,3
25,5
26,2
26,3
27,2
27,3
28,1
28,2
28,4
29,1
29,2
29,4
30,1
30,3
30,5
31,1
31,3
31,4
31,2
30,4
30,2
29,3
28,5
28,3
27,4
27,1
26,1
25,4
25,1
24,1
23,4
23,1
22,5
22,2
21,5
21,2
20,3
20,1
19,4
19,1
18,2
17,5
17,2
16,3
16,1
15,5
15,2
14,7
14,4
14,1
13,105
13,103
13,100
13,97
13,95
13,92
13,89
13,86
13,84
13,81
13,78
13,76
13,73
13,70
13,67
13,65
13,35
13,32
13,30
13,27
13,24
13,21
13,19
13,16
13,13
13,11
13,8
13,5
13,3
12,4
12,1
11,8
11,6
11,3
10,5
10,3
9,4
9,1
8,3
8,1
7,3
6,5
6,3
5,5
5,2
4,5
4,3
3,3
2,7
2,5
2,2
1,2
0,534
0,469
0,459
0,447
0,445
0,439
0,435
0,408
0,397
0,395
0,368
0,364
0,363
0,361
0,360
0,358
0,350
0,322
0,310
0,307
0,305
0,302
0,243
0,9
0,491
0,373
0,240
0,490
0,372
0,239
0,566
0,371
0,238
0,489
0,407
0,237
0,536
0,573
0,236
0,488
0,434
0,235
0,530
0,460
0,234
0,487
0,366
0,233
0,529
0,365
0,232
0,486
0,410
0,231
0,565
0,431
0,230
0,564
0,402
0,229
0,535
0,428
0,228
0,485
0,422
0,227
0,484
0,359
0,226
0,483
0,225
0,482
0,357
0,224
0,481
0,356
0,223
0,480
0,458
0,222
0,479
0,457
0,221
0,478
0,353
0,220
0,477
0,352
0,219
0,455
0,351
0,218
0,528
0,476
0,217
0,527
0,475
0,216
0,526
0,474
0,215
0,563
0,405
0,214
0,473
0,572
0,213
0,403
0,348
0,212
0,562
0,472
0,211
0,524
0,347
0,210
0,471
0,346
0,209
0,470
0,345
0,208
0,344
0,207
0,343
0,206
0,453
0,342
0,205
0,399
0,341
0,204
0,571
0,340
0,203
0,570
0,339
0,202
0,367
0,338
0,201
0,337
0,200
0,449
0,336
0,199
0,349
0,335
0,198
0,404
0,334
0,197
0,467
0,333
0,196
0,440
0,332
0,195
0,456
0,331
0,194
0,375
0,330
0,193
0,400
0,329
0,192
0,430
0,328
0,63
0,384
0,327
0,62
0,451
0,326
0,61
0,450
0,325
0,60
0,466
0,324
0,59
0,448
0,323
0,58
0,321
0,57
0,354
0,320
0,56
0,374
0,319
0,55
0,444
0,318
0,54
0,443
0,317
0,53
0,442
0,316
0,52
0,441
0,315
0,51
0,423
0,314
0,50
0,465
0,313
0,49
0,438
0,312
0,48
0,437
0,311
0,47
0,436
0,309
0,46
0,306
0,45
0,370
0,301
0,6
0,5
0,1
0,11
0,4
0,2
0,3
0,7
